Matrix Dimensions: 3 x 3
	1.000000	2.000000	3.000000
	1.000000	2.000000	3.000000
	1.000000	2.000000	3.000000
Matrix Dimensions: 3 x 3
	1.000000	2.000000	3.000000
	4.000000	5.000000	6.000000
	7.000000	8.000000	9.000000
Matrix Dimensions: 3 x 3
	2.000000	4.000000	6.000000
	5.000000	7.000000	9.000000
	8.000000	10.000000	12.000000
Matrix Dimensions: 3 x 3
	30.000000	36.000000	42.000000
	30.000000	36.000000	42.000000
	30.000000	36.000000	42.000000
Matrix Dimensions: 3 x 3
	30.000000	30.000000	30.000000
	36.000000	36.000000	36.000000
	42.000000	42.000000	42.000000
Matrix Dimensions: 3 x 3
	15.000000	15.000000	15.000000
	18.000000	18.000000	18.000000
	21.000000	21.000000	21.000000
Matrix Dimensions: 3 x 3
	0.090031	0.244728	0.665241
	0.090031	0.244728	0.665241
	0.090031	0.244728	0.665241
Matrix Dimensions: 3 x 3
	-1.224736	0.000000	1.224736
	-1.224736	0.000000	1.224736
	-1.224736	0.000000	1.224736
Head 1
Matrix Dimensions: 3 x 16
	-0.032921	-0.017489	0.034472	-0.085091	-0.012775	0.071933	0.009184	0.009202	0.023375	-0.047743	0.007290	-0.032776	-0.011971	0.061207	-0.026498	-0.013079
	-0.032943	-0.017483	0.034417	-0.085071	-0.012778	0.071976	0.009154	0.009346	0.023479	-0.047787	0.007191	-0.032711	-0.011894	0.061197	-0.026540	-0.012993
	-0.032876	-0.017398	0.034530	-0.085099	-0.012712	0.071909	0.009141	0.009108	0.023382	-0.047670	0.007312	-0.032839	-0.011911	0.061271	-0.026489	-0.013057
Head 2
Matrix Dimensions: 3 x 16
	0.001774	0.021512	-0.024924	0.002911	-0.031515	-0.004481	0.026380	-0.021790	-0.049328	-0.059387	-0.024195	-0.053612	-0.025234	0.004356	-0.003972	-0.015936
	0.001689	0.021557	-0.024807	0.002935	-0.031397	-0.004476	0.026567	-0.021835	-0.049130	-0.059346	-0.024366	-0.053703	-0.025115	0.004395	-0.004027	-0.016155
	0.001844	0.021439	-0.024931	0.003017	-0.031592	-0.004645	0.026157	-0.021717	-0.049376	-0.059382	-0.024149	-0.053536	-0.025352	0.004480	-0.004067	-0.015794
Head 3
Matrix Dimensions: 3 x 16
	-0.058846	-0.002458	-0.002360	-0.036494	-0.005612	0.033710	0.048553	-0.002101	-0.020328	0.023631	-0.007247	0.029741	0.027162	0.014349	0.022714	-0.059517
	-0.058784	-0.002367	-0.002415	-0.036465	-0.005442	0.033779	0.048653	-0.002093	-0.020344	0.023809	-0.007178	0.029657	0.027134	0.014337	0.022674	-0.059555
	-0.058789	-0.002882	-0.001965	-0.036301	-0.005662	0.033613	0.048374	-0.001902	-0.020293	0.023471	-0.007291	0.029673	0.027137	0.014259	0.022601	-0.059371
Head 4
Matrix Dimensions: 3 x 16
	-0.075295	0.008801	0.005148	-0.037186	0.005178	-0.058915	-0.006307	-0.016554	0.026524	0.018041	0.011096	-0.006062	-0.076858	-0.022279	-0.021261	0.006331
	-0.075266	0.008866	0.005182	-0.037161	0.005438	-0.058916	-0.006519	-0.016627	0.026502	0.017860	0.011293	-0.006220	-0.076951	-0.022266	-0.021079	0.006388
	-0.075238	0.008548	0.005154	-0.036973	0.005093	-0.058802	-0.006352	-0.016637	0.026550	0.017856	0.011113	-0.006182	-0.076852	-0.022101	-0.021545	0.006580
Concatenated Heads:
Matrix Dimensions: 3 x 64
	-0.032921	-0.017489	0.034472	-0.085091	-0.012775	0.071933	0.009184	0.009202	0.023375	-0.047743	0.007290	-0.032776	-0.011971	0.061207	-0.026498	-0.013079	0.001774	0.021512	-0.024924	0.002911	-0.031515	-0.004481	0.026380	-0.021790	-0.049328	-0.059387	-0.024195	-0.053612	-0.025234	0.004356	-0.003972	-0.015936	-0.058846	-0.002458	-0.002360	-0.036494	-0.005612	0.033710	0.048553	-0.002101	-0.020328	0.023631	-0.007247	0.029741	0.027162	0.014349	0.022714	-0.059517	-0.075295	0.008801	0.005148	-0.037186	0.005178	-0.058915	-0.006307	-0.016554	0.026524	0.018041	0.011096	-0.006062	-0.076858	-0.022279	-0.021261	0.006331
	-0.032943	-0.017483	0.034417	-0.085071	-0.012778	0.071976	0.009154	0.009346	0.023479	-0.047787	0.007191	-0.032711	-0.011894	0.061197	-0.026540	-0.012993	0.001689	0.021557	-0.024807	0.002935	-0.031397	-0.004476	0.026567	-0.021835	-0.049130	-0.059346	-0.024366	-0.053703	-0.025115	0.004395	-0.004027	-0.016155	-0.058784	-0.002367	-0.002415	-0.036465	-0.005442	0.033779	0.048653	-0.002093	-0.020344	0.023809	-0.007178	0.029657	0.027134	0.014337	0.022674	-0.059555	-0.075266	0.008866	0.005182	-0.037161	0.005438	-0.058916	-0.006519	-0.016627	0.026502	0.017860	0.011293	-0.006220	-0.076951	-0.022266	-0.021079	0.006388
	-0.032876	-0.017398	0.034530	-0.085099	-0.012712	0.071909	0.009141	0.009108	0.023382	-0.047670	0.007312	-0.032839	-0.011911	0.061271	-0.026489	-0.013057	0.001844	0.021439	-0.024931	0.003017	-0.031592	-0.004645	0.026157	-0.021717	-0.049376	-0.059382	-0.024149	-0.053536	-0.025352	0.004480	-0.004067	-0.015794	-0.058789	-0.002882	-0.001965	-0.036301	-0.005662	0.033613	0.048374	-0.001902	-0.020293	0.023471	-0.007291	0.029673	0.027137	0.014259	0.022601	-0.059371	-0.075238	0.008548	0.005154	-0.036973	0.005093	-0.058802	-0.006352	-0.016637	0.026550	0.017856	0.011113	-0.006182	-0.076852	-0.022101	-0.021545	0.006580
Encoder Dimensions: 3 x 64
Matrix Dimensions: 3 x 64
	-0.175575	-0.680945	0.240711	-0.773152	-0.557493	-0.200413	-0.430445	-0.114940	-0.049395	-0.528530	1.522882	1.532744	-0.888743	0.536185	-1.767516	0.411956	-0.391766	0.183825	0.659622	1.272017	1.095114	-0.562589	2.289647	-0.486156	-0.965582	-0.403436	-1.215377	-0.027578	-1.300858	-0.366687	0.781320	-1.366119	-0.629704	-0.429678	0.497039	0.365580	0.534332	-0.839241	0.240780	0.251472	0.826855	-1.909096	-0.130361	0.133049	1.495839	2.654899	0.302648	-1.179024	0.002403	-2.336076	0.598762	-0.178642	0.632327	-0.762248	0.139499	0.091848	-0.013478	-0.169156	2.066841	0.836553	1.441937	1.121445	-1.167871	-1.762261
	1.187642	-1.164457	-0.225837	1.103299	0.895368	1.208592	-0.965692	0.810595	-0.798205	1.015170	2.216691	-0.322649	-1.403402	-0.485357	-1.069800	0.536850	0.201421	-1.353531	0.745568	2.035472	-0.096686	-0.085144	0.988229	-0.671705	-1.416214	-0.098194	0.208394	-0.488894	-2.211350	-1.985089	1.096895	-1.286277	-0.606610	0.656889	-0.995601	-1.628319	0.641763	1.287830	1.336726	-0.513341	1.186223	0.700222	0.026249	-0.136995	0.345386	0.904286	1.935242	0.088154	-0.508263	-0.504945	-0.503843	-1.093945	0.843241	0.439135	-0.205571	0.314724	0.044969	-0.204813	-0.139626	-1.177129	0.971841	0.102460	-1.789048	0.061007
	0.245936	-2.107286	0.061945	0.644885	0.259269	-1.508775	-2.717435	0.938628	-0.029162	-1.043450	0.246998	-0.145357	-0.727226	0.984271	-0.470034	1.417366	1.387063	1.107751	0.556479	0.906585	1.137028	-0.990295	0.036236	0.069979	-0.146931	0.380757	-0.089944	-0.718019	-0.070886	-0.722380	-0.250347	-0.901288	0.422265	0.095527	-1.022684	1.369421	0.827445	0.219635	0.885232	2.241775	0.466142	-0.674972	-2.152180	0.887274	0.456010	0.667428	-0.023866	0.667067	-0.059221	-0.054168	-0.566548	0.258951	-1.003211	-0.113008	-0.041674	1.874042	1.080743	-1.915469	1.174298	-1.034164	0.483617	-0.261200	-2.274004	-0.622867
